1010101100101010110010101011001010101100
1010101100101010110010101011001010101100
1010101100101010110010101011001010101100
1010101100101010110010101011001010101100
1010101100101010110010101011001010101100
1010101100101010110010101011001010101100
1010101100101010110010101011001010101100
1010101100101010110010101011001010101100
1010101100101010110010101011001010101100
1010101100101010110010101011001010101100
1010101100101010110010101011001010101100
1010101100101010110010101011001010101100
1010101100101010110010101011001010101100
1010101100101010110010101011001010101100
1010101100101010110010101011001010101100
1010101100101010110010101011001010101100
1010101100101010110010101011001010101100
1010101100101010110010101011001010101100
1010101100101010110010101011001010101100
1010101100101010110010101011001010101100
1010101100101010110010101011001010101100
1010101100101010110010101011001010101100
1010101100101010110010101011001010101100
1010101100101010110010101011001010101100
1010101100101010110010101011001010101100
1010101100101010110010101011001010101100
1010101100101010110010101011001010101100
1010101100101010110010101011001010101100
1010101100101010110010101011001010101100
1010101100101010110010101011001010101100
1010101100101010110010101011001010101100
1010101100101010110010101011001010101100
1010101100101010110010101011001010101100
1010101100101010110010101011001010101100
1010101100101010110010101011001010101100
1010101100101010110010101011001010101100
1010101100101010110010101011001010101100
1010101100101010110010101011001010101100
1010101100101010110010101011001010101100
1010101100101010110010101011001010101100